-12.14930000000002
-12.011299999999993
-11.911100000000003
-11.901799999999986
-11.805199999999962
-11.384300000000021
-10.947499999999994
-10.720099999999974
-10.662200000000013
-10.349
-10.471399999999978
-10.138399999999983
-8.960599999999985
-8.141599999999986
-7.240400000000003
-6.9407
-5.856500000000004
-5.720599999999991
-5.882599999999992
-5.569400000000006
-5.108899999999986
-5.061199999999999
-5.058200000000008
-4.220600000000008
-4.855400000000004
-4.4288
-4.105400000000001
-4.260500000000008
-4.373300000000005
-3.738200000000012
-3.3299000000000025
-3.3707000000000016
-3.5944999999999974
-3.071300000000004
-3.2543000000000055
-3.1607
-2.4383000000000004
-2.4758000000000084
-2.061800000000005
-2.2556000000000003
-2.251099999999999
-1.8263000000000007
-1.6117999999999995
-1.621400000000004
-1.9805000000000041
-1.5731000000000006
-1.0172000000000048
-1.5611000000000017
-1.2290000000000059
-0.6446000000000072
